[test4 Exam_2026-03-06_143128_tvc1]
name = "test4 Exam_2026-03-06_143128_tvc1"
size = [ 736, 1280]
matrix = [ [ 4845.99050353416, 0.0, 368.0], [ 0.0, 4845.99050353416, 640.0], [ 0.0, 0.0, 1.0]]
distortions = [ 0.0, 0.0, 0.0, 0.0]
rotation = [ 1.1829138042903273, 1.225836867893088, -1.1829138042903273]
translation = [ -0.7859458872977788, 0.7313422329152091, 10.0]
fisheye = false

[metadata]
adjusted = false
error = 0.0
