[test4 Exam_2026-03-06_143128_tvc2]
name = "test4 Exam_2026-03-06_143128_tvc2"
size = [ 736, 1280]
matrix = [ [ 3350.708373656169, 0.0, 368.0], [ 0.0, 3350.708373656169, 640.0], [ 0.0, 0.0, 1.0]]
distortions = [ 0.0, 0.0, 0.0, 0.0]
rotation = [ 1.8177101743641515, 0.6601253889924732, -1.8177101743641515]
translation = [ 1.0063469710013755, 2.273968261985489, 10.0]
fisheye = false

[metadata]
adjusted = false
error = 0.0
