[test6 Exam_2026-03-06_143334_tvc4]
name = "test6 Exam_2026-03-06_143334_tvc4"
size = [ 736, 1280]
matrix = [ [ 1334.315660217997, 0.0, 368.0], [ 0.0, 1334.315660217997, 640.0], [ 0.0, 0.0, 1.0]]
distortions = [ 0.0, 0.0, 0.0, 0.0]
rotation = [ 1.3086497301706712, 1.1418080395817451, -1.3086497301706712]
translation = [ -2.4360931872229905, 2.540561471791797, 10.0]
fisheye = false

[metadata]
adjusted = false
error = 0.0
