[Single_Hop4 Exam_2026-03-06_123833_tvc2]
name = "Single_Hop4 Exam_2026-03-06_123833_tvc2"
size = [ 736, 1280]
matrix = [ [ 3010.8042633568853, 0.0, 368.0], [ 0.0, 3010.8042633568853, 640.0], [ 0.0, 0.0, 1.0]]
distortions = [ 0.0, 0.0, 0.0, 0.0]
rotation = [ 0.6652719762799106, 1.4664555564732011, -0.6652719762799106]
translation = [ -0.8387087129964159, -0.8975639804123092, 10.0]
fisheye = false

[metadata]
adjusted = false
error = 0.0
